50 100

00000000000000000000000000000000000000000000000000
01111111111111111111111111111111111111111111111110
01000000000111111110011111111111111111111111111110
01000000000111111110011111111111111111111111100000
01111111111111111110011111111111111111111111110000
01111111111111111110011111111111111111111111100000
01111111111111111110011111111111111111111111100000
01111111111111111110011111111111111111111111110000
01000000000111111110011111111111111111111000100000
01000000000111111110011111111111111111111000111110
01111111111111111110011111111111111111111000111110
01111111111111111111111111111111111111111000111112
01111111111111111111111111111111111111111000111110
01111111111111111111111111111111111111111000111110
01000000000111111111111111111111111111111000111110
01000000000111111110011111111111111111111001111110
01111111111111111110011111111111111111111000111110
01111111111111111110011111111111111111111000111110
01111111111111111110011111111111111111111000111110
01111111111111111110011111111111111111111000110000
01000000000111111110011111111111111111111000110000
01000000000111111110011111111111111111111000110000
01111111111111111110011111111111111111111000110000
01111111111111111110011111111111111111111000110000
01111111111111111111111111111111111111111000110000
01111111111111111111111111111111111111111000110000
01000000000111111111111111111111111111111000110000
01000000000111111111111111111111111111111000110000
01111111111111111111111111111111111111111000110000
01111111111111111111111111111111111111111000110000
01111111111111111111111111111111111111111000110000
01111111111111111111111111111111111111111000110000
01000000000111111111111111111111111111111000110000
01000000000111111111111111111111111111111111110000
01111111111111111111111111111111111111111111111000
01111111111111111111111111111111111111111111111000
01111111111111111111111111111111111111111000110000
01111111111111111111111111111111111111111000110000
01000000000111111111111111111111111111111000110000
01000000000111111111111111111111111111111000110000
01111111111111111111111111111111111111111000110000
01111111111111111111111111111111111111111000110000
01111111111111111111111111111111111111111000110000
01111111111111111111111111111111111111111000110000
01000000000111111111111111111111111111111000110000
01000000000111111111111111111111111111111000110000
01111111111111111111111111111111111111111000110000
01111111111111111111111111111111111111111000110000
01111111111111111111111111111111111111111000110000
01111111111111111111111111111111111111111000110000
01111111111111111111111111111111111111111000111110
01111111111111111111111111111111111111111000111110
01111111111111111111111111111111111111111000111110
01111111111111111111111111111111111111111000111110
01111111111111111111111111111111111111111000111110
01111111111111111111111111111111111111111000111110
01111111111111111111111111111111111111111000111110
01111111111111111111111111111111111111111000111112
01111111111111111111111111111111111111111000111110
01111111111111111111111111111111111111111000111110
01111111111111111111111111111111111111111000111110
01111111111111111111111111111111111111111000111110
01111111111111111111111111111111111111111000111110
01111111111111111111111111111111111111111000111110
01111111111111111111111111111111111111111000111110
01111111111111111111111111111111111111111000111110
01111111111111111111111111111111111111111000111110
01111111111111111111111111111111111111111000111110
01111111111111111111111111111111111111111000111110
01111111111111111111111111111111111111111000111110
01111111111111111111111111111111111111111000111110
01111111111111111111111111111111111111111000111110
01111111111111111111111111111111111111111000111110
01111111111111111111111111111111111111111000111110
01111111001111111111111111111111111111111000111110
01111111001111111111111111111111111111111000111110
01111111001111111111111111111111111111111000111110
01111111001111111111111111111111111111111000111110
01111111001111111111111111111111111111111000111110
01111111001111111111111111111111111111111000111110
01111111001111111111111111111111111111111000111110
01111111001111111111111111111111111111111000111110
01111111001111111111111111111111111111111000111110
01111111111111111111111111111111111111111001111110
01111111001111111111111111111111111111111000111110
01111111001111111111111111111111111111111000111110
01111111001111111111111111111111111111111000111110
01111111001111111111111111111111111111111000111110
01111111001111111111111111111111111111111000111110
01111111001111111111111111111111111111111000111110
01111111001111111111111111111111111111111000111110
01111111001111111111111111111111111111111000111110
01111111001111111111111111111111111111111000111110
01111111111111111111111111111111111111111000111110
01111111111111111111111111111111111111111000100000
01111111111111111111111111111111111111111111111110
01111000000000111110000000001111111111111111111110
01111000000000111110000000001111111111111111111110
01111111111111111111111111111111111111111111111110
00000000000000000000000000000000000000000000000000