90 60

000000000000000000000000000000000000000000000000000000000000000000000000000000000000000000
011111111111111111111111111111011111111111111111111111111111011111111111111111111111111110
011111111111111111111111111111011111111111111111111111111111011111111111111111111111111110
011111111111111111111111111111011111111111111111111111111111011111111111111111111111111110
011111111111111111111111111111011111111111111111111111111111011111111111111111111111111110
011111111111111111111111111111011111111111111111111111111111011111111111111111111111111110
011111111111111111111111111111011111111111111111111111111111011111111111111111111111111110
011111111111111111111111111111011111111111111111111111111111011111111111111111111111111110
011111111111111111111111111111011111111111111111111111111111011111111111111111111111111110
011111111111111111111111111111111111111111111111111111111111111111111111111111111111111110
011111111111111111111111111111011111111111111111111111111111011111111111111111111111111110
011111111111111111111111111111011111111111111111111111111111011111111111111111111111111110
011111111111111111111111111111011111111111111111111111111111011111111111111111111111111110
011111111111111111111111111111011111111111111111111111111111011111111111111111111111111110
011111111111111111111111111111011111111111111111111111111111011111111111111111111111111110
011111111111111111111111111111011111111111111111111111111111111111111111111111111111111112
011111111111111111111111111111011111111111111111111111111111011111111111111111111111111110
011111111111111111111111111111011111111111111111111111111111011111111111111111111111111110
011111111111111111111111111111011111111111111111111111111111011111111111111111111111111110
011111111111111111111111111111111111111111111111111111111111111111111111111111111111111110
011111111111111111111111111111011111111111111111111111111111011111111111111111111111111110
011111111111111111111111111111011111111111111111111111111111011111111111111111111111111110
011111111111111111111111111111011111111111111111111111111111011111111111111111111111111110
011111111111111111111111111111011111111111111111111111111111011111111111111111111111111110
011111111111111111111111111111011111111111111111111111111111011111111111111111111111111110
011111111111111111111111111111011111111111111111111111111111011111111111111111111111111110
011111111111111111111111111111011111111111111111111111111111011111111111111111111111111110
011111111111111111111111111111011111111111111111111111111111011111111111111111111111111110
011111111111111111111111111111011111111111111111111111111111011111111111111111111111111110
011111111111111111111111111111011111111111111111111111111111011111111111111111111111111110
000000000000001110000000000000000000000000000111100000000000000000000000011100000000000000
011111111111111111111111111111011111111111111111111111111111011111111111111111111111111110
011111111111111111111111111111011111111111111111111111111111011111111111111111111111111110
011111111111111111111111111111011111111111111111111111111111011111111111111111111111111110
011111111111111111111111111111011111111111111111111111111111011111111111111111111111111110
011111111111111111111111111111011111111111111111111111111111011111111111111111111111111110
011111111111111111111111111111011111111111111111111111111111011111111111111111111111111110
011111111111111111111111111111011111111111111111111111111111011111111111111111111111111110
011111111111111111111111111111011111111111111111111111111111011111111111111111111111111110
011111111111111111111111111111011111111111111111111111111111011111111111111111111111111110
011111111111111111111111111111011111111111111111111111111111011111111111111111111111111110
011111111111111111111111111111011111111111111111111111111111011111111111111111111111111110
011111111111111111111111111111011111111111111111111111111111011111111111111111111111111110
011111111111111111111111111111011111111111111111111111111111011111111111111111111111111110
011111111111111111111111111111011111111111111111111111111111011111111111111111111111111110
011111111111111111111111111111111111111111111111111111111111111111111111111111111111111110
011111111111111111111111111111011111111111111111111111111111011111111111111111111111111110
011111111111111111111111111111011111111111111111111111111111011111111111111111111111111110
011111111111111111111111111111011111111111111111111111111111011111111111111111111111111110
011111111111111111111111111111011111111111111111111111111111011111111111111111111111111110
011111111111111111111111111111011111111111111111111111111111011111111111111111111111111110
011111111111111111111111111111011111111111111111111111111111011111111111111111111111111110
011111111111111111111111111111011111111111111111111111111111011111111111111111111111111110
011111111111111111111111111111011111111111111111111111111111011111111111111111111111111110
011111111111111111111111111111011111111111111111111111111111011111111111111111111111111110
011111111111111111111111111111011111111111111111111111111111011111111111111111111111111110
011111111111111111111111111111011111111111111111111111111111011111111111111111111111111110
011111111111111111111111111111011111111111111111111111111111011111111111111111111111111110
011111111111111111111111111111011111111111111111111111111111011111111111111111111111111110
000000000000000000000000000000000000000000002000000000000000000000000000000000000000000000